(kicad_pcb (version 20171130) (host pcbnew 5.1.10)

  (general
    (thickness 1.6)
    (drawings 0)
    (tracks 60)
    (zones 0)
    (modules 75)
    (nets 71)
  )

  (page A4)
  (title_block
    (title "Power Extender")
    (date 2021-06-15)
    (rev 1)
    (company "Christoph Honal")
  )

  (layers
    (0 F.Cu signal)
    (31 B.Cu signal)
    (32 B.Adhes user hide)
    (33 F.Adhes user hide)
    (34 B.Paste user)
    (35 F.Paste user)
    (36 B.SilkS user)
    (37 F.SilkS user)
    (38 B.Mask user hide)
    (39 F.Mask user hide)
    (40 Dwgs.User user hide)
    (41 Cmts.User user hide)
    (42 Eco1.User user hide)
    (43 Eco2.User user hide)
    (44 Edge.Cuts user)
    (45 Margin user hide)
    (46 B.CrtYd user)
    (47 F.CrtYd user)
    (48 B.Fab user hide)
    (49 F.Fab user hide)
  )

  (setup
    (last_trace_width 0.25)
    (user_trace_width 0.5)
    (user_trace_width 1)
    (user_trace_width 2)
    (user_trace_width 2.5)
    (user_trace_width 3)
    (trace_clearance 0.2)
    (zone_clearance 0.508)
    (zone_45_only no)
    (trace_min 0.2)
    (via_size 0.8)
    (via_drill 0.4)
    (via_min_size 0.4)
    (via_min_drill 0.3)
    (user_via 0.8 0.4)
    (user_via 1 0.6)
    (uvia_size 0.3)
    (uvia_drill 0.1)
    (uvias_allowed no)
    (uvia_min_size 0.2)
    (uvia_min_drill 0.1)
    (edge_width 0.05)
    (segment_width 0.2)
    (pcb_text_width 0.3)
    (pcb_text_size 1.5 1.5)
    (mod_edge_width 0.12)
    (mod_text_size 1 1)
    (mod_text_width 0.15)
    (pad_size 1.524 1.524)
    (pad_drill 0.762)
    (pad_to_mask_clearance 0)
    (aux_axis_origin 0 0)
    (visible_elements FFFFFF7F)
    (pcbplotparams
      (layerselection 0x010fc_ffffffff)
      (usegerberextensions false)
      (usegerberattributes true)
      (usegerberadvancedattributes true)
      (creategerberjobfile true)
      (excludeedgelayer true)
      (linewidth 0.100000)
      (plotframeref false)
      (viasonmask false)
      (mode 1)
      (useauxorigin false)
      (hpglpennumber 1)
      (hpglpenspeed 20)
      (hpglpendiameter 15.000000)
      (psnegative false)
      (psa4output false)
      (plotreference true)
      (plotvalue true)
      (plotinvisibletext false)
      (padsonsilk false)
      (subtractmaskfromsilk false)
      (outputformat 1)
      (mirror false)
      (drillshape 1)
      (scaleselection 1)
      (outputdirectory ""))
  )

  (net 0 "")
  (net 1 GND)
  (net 2 /Relay-A/VIOUT)
  (net 3 /Relay-B/VIOUT)
  (net 4 /Relay-C/VIOUT)
  (net 5 /Relay-D/VIOUT)
  (net 6 "Net-(D1-Pad1)")
  (net 7 "Net-(D3-Pad1)")
  (net 8 "Net-(D5-Pad1)")
  (net 9 "Net-(D7-Pad1)")
  (net 10 "Net-(J1-Pad3)")
  (net 11 "Net-(J1-Pad2)")
  (net 12 "Net-(J1-Pad1)")
  (net 13 "Net-(J2-Pad3)")
  (net 14 "Net-(J2-Pad2)")
  (net 15 "Net-(J2-Pad1)")
  (net 16 "Net-(J3-Pad1)")
  (net 17 "Net-(J3-Pad2)")
  (net 18 "Net-(J3-Pad3)")
  (net 19 "Net-(J4-Pad1)")
  (net 20 "Net-(J4-Pad2)")
  (net 21 "Net-(J4-Pad3)")
  (net 22 "Net-(Q1-Pad1)")
  (net 23 "Net-(Q2-Pad1)")
  (net 24 "Net-(Q3-Pad1)")
  (net 25 "Net-(Q4-Pad1)")
  (net 26 "Net-(R1-Pad2)")
  (net 27 "Net-(R3-Pad1)")
  (net 28 "Net-(R4-Pad2)")
  (net 29 "Net-(R6-Pad1)")
  (net 30 "Net-(R7-Pad2)")
  (net 31 "Net-(R9-Pad1)")
  (net 32 "Net-(R10-Pad2)")
  (net 33 "Net-(R12-Pad1)")
  (net 34 "Net-(R13-Pad2)")
  (net 35 "Net-(R14-Pad2)")
  (net 36 "Net-(R15-Pad2)")
  (net 37 "Net-(R16-Pad2)")
  (net 38 +5V)
  (net 39 "Net-(D1-Pad2)")
  (net 40 "Net-(D3-Pad2)")
  (net 41 "Net-(D5-Pad2)")
  (net 42 "Net-(D7-Pad2)")
  (net 43 +3V3)
  (net 44 A3)
  (net 45 A2)
  (net 46 A1)
  (net 47 A0)
  (net 48 D3)
  (net 49 D2)
  (net 50 D1)
  (net 51 D0Z)
  (net 52 /Relay-A/TRIGGER)
  (net 53 /Relay-B/TRIGGER)
  (net 54 /Relay-C/TRIGGER)
  (net 55 /Relay-D/TRIGGER)
  (net 56 "Net-(R19-Pad2)")
  (net 57 SCL3V3)
  (net 58 SDA3V3)
  (net 59 SDA5V)
  (net 60 SCL5V)
  (net 61 "Net-(K1-Pad1)")
  (net 62 "Net-(K2-Pad1)")
  (net 63 "Net-(K3-Pad1)")
  (net 64 "Net-(K4-Pad1)")
  (net 65 "Net-(U2-Pad6)")
  (net 66 "Net-(U4-Pad6)")
  (net 67 "Net-(U6-Pad6)")
  (net 68 "Net-(U8-Pad6)")
  (net 69 "Net-(U9-Pad2)")
  (net 70 "Net-(U10-Pad2)")

  (net_class Default "This is the default net class."
    (clearance 0.2)
    (trace_width 0.25)
    (via_dia 0.8)
    (via_drill 0.4)
    (uvia_dia 0.3)
    (uvia_drill 0.1)
    (add_net +3V3)
    (add_net +5V)
    (add_net /Relay-A/TRIGGER)
    (add_net /Relay-A/VIOUT)
    (add_net /Relay-B/TRIGGER)
    (add_net /Relay-B/VIOUT)
    (add_net /Relay-C/TRIGGER)
    (add_net /Relay-C/VIOUT)
    (add_net /Relay-D/TRIGGER)
    (add_net /Relay-D/VIOUT)
    (add_net A0)
    (add_net A1)
    (add_net A2)
    (add_net A3)
    (add_net D0Z)
    (add_net D1)
    (add_net D2)
    (add_net D3)
    (add_net GND)
    (add_net "Net-(D1-Pad1)")
    (add_net "Net-(D1-Pad2)")
    (add_net "Net-(D3-Pad1)")
    (add_net "Net-(D3-Pad2)")
    (add_net "Net-(D5-Pad1)")
    (add_net "Net-(D5-Pad2)")
    (add_net "Net-(D7-Pad1)")
    (add_net "Net-(D7-Pad2)")
    (add_net "Net-(J1-Pad1)")
    (add_net "Net-(J1-Pad2)")
    (add_net "Net-(J1-Pad3)")
    (add_net "Net-(J2-Pad1)")
    (add_net "Net-(J2-Pad2)")
    (add_net "Net-(J2-Pad3)")
    (add_net "Net-(J3-Pad1)")
    (add_net "Net-(J3-Pad2)")
    (add_net "Net-(J3-Pad3)")
    (add_net "Net-(J4-Pad1)")
    (add_net "Net-(J4-Pad2)")
    (add_net "Net-(J4-Pad3)")
    (add_net "Net-(K1-Pad1)")
    (add_net "Net-(K2-Pad1)")
    (add_net "Net-(K3-Pad1)")
    (add_net "Net-(K4-Pad1)")
    (add_net "Net-(Q1-Pad1)")
    (add_net "Net-(Q2-Pad1)")
    (add_net "Net-(Q3-Pad1)")
    (add_net "Net-(Q4-Pad1)")
    (add_net "Net-(R1-Pad2)")
    (add_net "Net-(R10-Pad2)")
    (add_net "Net-(R12-Pad1)")
    (add_net "Net-(R13-Pad2)")
    (add_net "Net-(R14-Pad2)")
    (add_net "Net-(R15-Pad2)")
    (add_net "Net-(R16-Pad2)")
    (add_net "Net-(R19-Pad2)")
    (add_net "Net-(R3-Pad1)")
    (add_net "Net-(R4-Pad2)")
    (add_net "Net-(R6-Pad1)")
    (add_net "Net-(R7-Pad2)")
    (add_net "Net-(R9-Pad1)")
    (add_net "Net-(U10-Pad2)")
    (add_net "Net-(U2-Pad6)")
    (add_net "Net-(U4-Pad6)")
    (add_net "Net-(U6-Pad6)")
    (add_net "Net-(U8-Pad6)")
    (add_net "Net-(U9-Pad2)")
    (add_net SCL3V3)
    (add_net SCL5V)
    (add_net SDA3V3)
    (add_net SDA5V)
  )

  (module Relay_THT:Relay_SPDT_SANYOU_SRD_Series_Form_C (layer F.Cu) (tedit 58FA3148) (tstamp 60C8F507)
    (at 48 84 180)
    (descr "relay Sanyou SRD series Form C http://www.sanyourelay.ca/public/products/pdf/SRD.pdf")
    (tags "relay Sanyu SRD form C")
    (path /60C36AE5/60C370D4)
    (fp_text reference K1 (at 8.1 9.2) (layer F.SilkS)
      (effects (font (size 1 1) (thickness 0.15)))
    )
    (fp_text value SRD-05VDC-SL-C (at 8 -9.6) (layer F.Fab)
      (effects (font (size 1 1) (thickness 0.15)))
    )
    (fp_line (start 8.05 1.85) (end 4.05 1.85) (layer F.SilkS) (width 0.12))
    (fp_line (start 8.05 -1.75) (end 8.05 1.85) (layer F.SilkS) (width 0.12))
    (fp_line (start 4.05 -1.75) (end 8.05 -1.75) (layer F.SilkS) (width 0.12))
    (fp_line (start 4.05 1.85) (end 4.05 -1.75) (layer F.SilkS) (width 0.12))
    (fp_line (start 8.05 1.85) (end 4.05 -1.75) (layer F.SilkS) (width 0.12))
    (fp_line (start 6.05 1.85) (end 6.05 6.05) (layer F.SilkS) (width 0.12))
    (fp_line (start 6.05 -5.95) (end 6.05 -1.75) (layer F.SilkS) (width 0.12))
    (fp_line (start 2.65 0.05) (end 2.65 3.65) (layer F.SilkS) (width 0.12))
    (fp_line (start 9.45 0.05) (end 9.45 3.65) (layer F.SilkS) (width 0.12))
    (fp_line (start 9.45 3.65) (end 2.65 3.65) (layer F.SilkS) (width 0.12))
    (fp_line (start 10.95 0.05) (end 15.55 -2.45) (layer F.SilkS) (width 0.12))
    (fp_line (start 9.45 0.05) (end 10.95 0.05) (layer F.SilkS) (width 0.12))
    (fp_line (start 6.05 -5.95) (end 3.55 -5.95) (layer F.SilkS) (width 0.12))
    (fp_line (start 2.65 0.05) (end 1.85 0.05) (layer F.SilkS) (width 0.12))
    (fp_line (start 3.55 6.05) (end 6.05 6.05) (layer F.SilkS) (width 0.12))
    (fp_line (start 14.15 -4.2) (end 14.15 -1.7) (layer F.SilkS) (width 0.12))
    (fp_line (start 14.15 4.2) (end 14.15 1.75) (layer F.SilkS) (width 0.12))
    (fp_line (start -1.55 7.95) (end 18.55 7.95) (layer F.CrtYd) (width 0.05))
    (fp_line (start 18.55 -7.95) (end 18.55 7.95) (layer F.CrtYd) (width 0.05))
    (fp_line (start -1.55 7.95) (end -1.55 -7.95) (layer F.CrtYd) (width 0.05))
    (fp_line (start 18.55 -7.95) (end -1.55 -7.95) (layer F.CrtYd) (width 0.05))
    (fp_line (start -1.3 7.7) (end -1.3 -7.7) (layer F.Fab) (width 0.12))
    (fp_line (start 18.3 7.7) (end -1.3 7.7) (layer F.Fab) (width 0.12))
    (fp_line (start 18.3 -7.7) (end 18.3 7.7) (layer F.Fab) (width 0.12))
    (fp_line (start -1.3 -7.7) (end 18.3 -7.7) (layer F.Fab) (width 0.12))
    (fp_line (start 18.4 7.8) (end -1.4 7.8) (layer F.SilkS) (width 0.12))
    (fp_line (start 18.4 -7.8) (end 18.4 7.8) (layer F.SilkS) (width 0.12))
    (fp_line (start -1.4 -7.8) (end 18.4 -7.8) (layer F.SilkS) (width 0.12))
    (fp_line (start -1.4 -7.8) (end -1.4 -1.2) (layer F.SilkS) (width 0.12))
    (fp_line (start -1.4 1.2) (end -1.4 7.8) (layer F.SilkS) (width 0.12))
    (fp_text user %R (at 7.1 0.025) (layer F.Fab)
      (effects (font (size 1 1) (thickness 0.15)))
    )
    (fp_text user 1 (at 0 -2.3) (layer F.Fab)
      (effects (font (size 1 1) (thickness 0.15)))
    )
    (pad 1 thru_hole circle (at 0 0 270) (size 3 3) (drill 1.3) (layers *.Cu *.Mask)
      (net 61 "Net-(K1-Pad1)"))
    (pad 5 thru_hole circle (at 1.95 -5.95 270) (size 2.5 2.5) (drill 1) (layers *.Cu *.Mask)
      (net 38 +5V))
    (pad 4 thru_hole circle (at 14.2 -6 270) (size 3 3) (drill 1.3) (layers *.Cu *.Mask)
      (net 12 "Net-(J1-Pad1)"))
    (pad 3 thru_hole circle (at 14.15 6.05 270) (size 3 3) (drill 1.3) (layers *.Cu *.Mask)
      (net 10 "Net-(J1-Pad3)"))
    (pad 2 thru_hole circle (at 1.95 6.05 270) (size 2.5 2.5) (drill 1) (layers *.Cu *.Mask)
      (net 6 "Net-(D1-Pad1)"))
    (model ${KISYS3DMOD}/Relay_THT.3dshapes/Relay_SPDT_SANYOU_SRD_Series_Form_C.wrl
      (at (xyz 0 0 0))
      (scale (xyz 1 1 1))
      (rotate (xyz 0 0 0))
    )
  )

  (module CustomComponents:CC690XSO-XA (layer F.Cu) (tedit 60C692C0) (tstamp 60C9C4E4)
    (at 55.25 135.5 270)
    (descr "Cross Chip CC690XSO-XA current measuring chip")
    (tags "current, hall")
    (path /60CBD6BF/60D16B35)
    (attr smd)
    (fp_text reference U4 (at 4 0) (layer F.SilkS)
      (effects (font (size 1 1) (thickness 0.15)))
    )
    (fp_text value CC6902SO-10A (at 0 0 90) (layer F.Fab)
      (effects (font (size 1 1) (thickness 0.15)))
    )
    (fp_line (start -2.48 3.92) (end -2.48 -3.92) (layer F.CrtYd) (width 0.05))
    (fp_line (start 2.48 3.92) (end -2.48 3.92) (layer F.CrtYd) (width 0.05))
    (fp_line (start 2.48 -3.92) (end 2.48 3.92) (layer F.CrtYd) (width 0.05))
    (fp_line (start -2.48 -3.92) (end 2.48 -3.92) (layer F.CrtYd) (width 0.05))
    (fp_line (start 2.73 1.425) (end -1.93 1.425) (layer F.SilkS) (width 0.12))
    (fp_line (start 2.73 -1.425) (end 2.73 1.425) (layer F.SilkS) (width 0.12))
    (fp_line (start -2.73 -1.425) (end 2.73 -1.425) (layer F.SilkS) (width 0.12))
    (fp_line (start -2.73 0.625) (end -2.73 -1.425) (layer F.SilkS) (width 0.12))
    (fp_line (start -1.93 1.425) (end -2.73 0.625) (layer F.SilkS) (width 0.12))
    (pad 8 smd rect (at -1.905 -2.8 270) (size 0.65 1.75) (layers F.Cu F.Paste F.Mask)
      (net 38 +5V))
    (pad 1 smd rect (at -1.905 2.8 270) (size 0.65 1.75) (layers F.Cu F.Paste F.Mask)
      (net 62 "Net-(K2-Pad1)"))
    (pad 7 smd rect (at -0.635 -2.8 270) (size 0.65 1.75) (layers F.Cu F.Paste F.Mask)
      (net 35 "Net-(R14-Pad2)"))
    (pad 2 smd rect (at -0.635 2.8 270) (size 0.65 1.75) (layers F.Cu F.Paste F.Mask)
      (net 62 "Net-(K2-Pad1)"))
    (pad 6 smd rect (at 0.635 -2.8 270) (size 0.65 1.75) (layers F.Cu F.Paste F.Mask)
      (net 66 "Net-(U4-Pad6)"))
    (pad 3 smd rect (at 0.635 2.8 270) (size 0.65 1.75) (layers F.Cu F.Paste F.Mask)
      (net 14 "Net-(J2-Pad2)"))
    (pad 5 smd rect (at 1.905 -2.8 270) (size 0.65 1.75) (layers F.Cu F.Paste F.Mask)
      (net 1 GND))
    (pad 4 smd rect (at 1.905 2.8 270) (size 0.65 1.75) (layers F.Cu F.Paste F.Mask)
      (net 14 "Net-(J2-Pad2)"))
    (model ${KISYS3DMOD}/Package_SO.3dshapes/SSOP-8_3.9x5.05mm_P1.27mm.step
      (at (xyz 0 0 0))
      (scale (xyz 1 1 1))
      (rotate (xyz 0 0 -90))
    )
  )

  (module Relay_THT:Relay_SPDT_SANYOU_SRD_Series_Form_C (layer F.Cu) (tedit 58FA3148) (tstamp 60C99DC0)
    (at 57.35 122 180)
    (descr "relay Sanyou SRD series Form C http://www.sanyourelay.ca/public/products/pdf/SRD.pdf")
    (tags "relay Sanyu SRD form C")
    (path /60CBD6BF/60C370D4)
    (fp_text reference K2 (at -0.4 -9) (layer F.SilkS)
      (effects (font (size 1 1) (thickness 0.15)))
    )
    (fp_text value SRD-05VDC-SL-C (at 8 -9.6) (layer F.Fab)
      (effects (font (size 1 1) (thickness 0.15)))
    )
    (fp_text user %R (at 7.1 0.025) (layer F.Fab)
      (effects (font (size 1 1) (thickness 0.15)))
    )
    (fp_text user 1 (at 0 -2.3) (layer F.Fab)
      (effects (font (size 1 1) (thickness 0.15)))
    )
    (fp_line (start 8.05 1.85) (end 4.05 1.85) (layer F.SilkS) (width 0.12))
    (fp_line (start 8.05 -1.75) (end 8.05 1.85) (layer F.SilkS) (width 0.12))
    (fp_line (start 4.05 -1.75) (end 8.05 -1.75) (layer F.SilkS) (width 0.12))
    (fp_line (start 4.05 1.85) (end 4.05 -1.75) (layer F.SilkS) (width 0.12))
    (fp_line (start 8.05 1.85) (end 4.05 -1.75) (layer F.SilkS) (width 0.12))
    (fp_line (start 6.05 1.85) (end 6.05 6.05) (layer F.SilkS) (width 0.12))
    (fp_line (start 6.05 -5.95) (end 6.05 -1.75) (layer F.SilkS) (width 0.12))
    (fp_line (start 2.65 0.05) (end 2.65 3.65) (layer F.SilkS) (width 0.12))
    (fp_line (start 9.45 0.05) (end 9.45 3.65) (layer F.SilkS) (width 0.12))
    (fp_line (start 9.45 3.65) (end 2.65 3.65) (layer F.SilkS) (width 0.12))
    (fp_line (start 10.95 0.05) (end 15.55 -2.45) (layer F.SilkS) (width 0.12))
    (fp_line (start 9.45 0.05) (end 10.95 0.05) (layer F.SilkS) (width 0.12))
    (fp_line (start 6.05 -5.95) (end 3.55 -5.95) (layer F.SilkS) (width 0.12))
    (fp_line (start 2.65 0.05) (end 1.85 0.05) (layer F.SilkS) (width 0.12))
    (fp_line (start 3.55 6.05) (end 6.05 6.05) (layer F.SilkS) (width 0.12))
    (fp_line (start 14.15 -4.2) (end 14.15 -1.7) (layer F.SilkS) (width 0.12))
    (fp_line (start 14.15 4.2) (end 14.15 1.75) (layer F.SilkS) (width 0.12))
    (fp_line (start -1.55 7.95) (end 18.55 7.95) (layer F.CrtYd) (width 0.05))
    (fp_line (start 18.55 -7.95) (end 18.55 7.95) (layer F.CrtYd) (width 0.05))
    (fp_line (start -1.55 7.95) (end -1.55 -7.95) (layer F.CrtYd) (width 0.05))
    (fp_line (start 18.55 -7.95) (end -1.55 -7.95) (layer F.CrtYd) (width 0.05))
    (fp_line (start -1.3 7.7) (end -1.3 -7.7) (layer F.Fab) (width 0.12))
    (fp_line (start 18.3 7.7) (end -1.3 7.7) (layer F.Fab) (width 0.12))
    (fp_line (start 18.3 -7.7) (end 18.3 7.7) (layer F.Fab) (width 0.12))
    (fp_line (start -1.3 -7.7) (end 18.3 -7.7) (layer F.Fab) (width 0.12))
    (fp_line (start 18.4 7.8) (end -1.4 7.8) (layer F.SilkS) (width 0.12))
    (fp_line (start 18.4 -7.8) (end 18.4 7.8) (layer F.SilkS) (width 0.12))
    (fp_line (start -1.4 -7.8) (end 18.4 -7.8) (layer F.SilkS) (width 0.12))
    (fp_line (start -1.4 -7.8) (end -1.4 -1.2) (layer F.SilkS) (width 0.12))
    (fp_line (start -1.4 1.2) (end -1.4 7.8) (layer F.SilkS) (width 0.12))
    (pad 1 thru_hole circle (at 0 0 270) (size 3 3) (drill 1.3) (layers *.Cu *.Mask)
      (net 62 "Net-(K2-Pad1)"))
    (pad 5 thru_hole circle (at 1.95 -5.95 270) (size 2.5 2.5) (drill 1) (layers *.Cu *.Mask)
      (net 38 +5V))
    (pad 4 thru_hole circle (at 14.2 -6 270) (size 3 3) (drill 1.3) (layers *.Cu *.Mask)
      (net 15 "Net-(J2-Pad1)"))
    (pad 3 thru_hole circle (at 14.15 6.05 270) (size 3 3) (drill 1.3) (layers *.Cu *.Mask)
      (net 13 "Net-(J2-Pad3)"))
    (pad 2 thru_hole circle (at 1.95 6.05 270) (size 2.5 2.5) (drill 1) (layers *.Cu *.Mask)
      (net 7 "Net-(D3-Pad1)"))
    (model ${KISYS3DMOD}/Relay_THT.3dshapes/Relay_SPDT_SANYOU_SRD_Series_Form_C.wrl
      (at (xyz 0 0 0))
      (scale (xyz 1 1 1))
      (rotate (xyz 0 0 0))
    )
  )

  (module CustomComponents:CC690XSO-XA (layer F.Cu) (tedit 60C692C0) (tstamp 60C6D90F)
    (at 40.15 97.3 180)
    (descr "Cross Chip CC690XSO-XA current measuring chip")
    (tags "current, hall")
    (path /60C36AE5/60D16B35)
    (attr smd)
    (fp_text reference U2 (at 4.15 -0.2 180) (layer F.SilkS)
      (effects (font (size 1 1) (thickness 0.15)))
    )
    (fp_text value CC6902SO-10A (at 0 0) (layer F.Fab)
      (effects (font (size 1 1) (thickness 0.15)))
    )
    (fp_line (start -1.93 1.425) (end -2.73 0.625) (layer F.SilkS) (width 0.12))
    (fp_line (start -2.73 0.625) (end -2.73 -1.425) (layer F.SilkS) (width 0.12))
    (fp_line (start -2.73 -1.425) (end 2.73 -1.425) (layer F.SilkS) (width 0.12))
    (fp_line (start 2.73 -1.425) (end 2.73 1.425) (layer F.SilkS) (width 0.12))
    (fp_line (start 2.73 1.425) (end -1.93 1.425) (layer F.SilkS) (width 0.12))
    (fp_line (start -2.48 -3.92) (end 2.48 -3.92) (layer F.CrtYd) (width 0.05))
    (fp_line (start 2.48 -3.92) (end 2.48 3.92) (layer F.CrtYd) (width 0.05))
    (fp_line (start 2.48 3.92) (end -2.48 3.92) (layer F.CrtYd) (width 0.05))
    (fp_line (start -2.48 3.92) (end -2.48 -3.92) (layer F.CrtYd) (width 0.05))
    (pad 4 smd rect (at 1.905 2.8 180) (size 0.65 1.75) (layers F.Cu F.Paste F.Mask)
      (net 11 "Net-(J1-Pad2)"))
    (pad 5 smd rect (at 1.905 -2.8 180) (size 0.65 1.75) (layers F.Cu F.Paste F.Mask)
      (net 1 GND))
    (pad 3 smd rect (at 0.635 2.8 180) (size 0.65 1.75) (layers F.Cu F.Paste F.Mask)
      (net 11 "Net-(J1-Pad2)"))
    (pad 6 smd rect (at 0.635 -2.8 180) (size 0.65 1.75) (layers F.Cu F.Paste F.Mask)
      (net 65 "Net-(U2-Pad6)"))
    (pad 2 smd rect (at -0.635 2.8 180) (size 0.65 1.75) (layers F.Cu F.Paste F.Mask)
      (net 61 "Net-(K1-Pad1)"))
    (pad 7 smd rect (at -0.635 -2.8 180) (size 0.65 1.75) (layers F.Cu F.Paste F.Mask)
      (net 34 "Net-(R13-Pad2)"))
    (pad 1 smd rect (at -1.905 2.8 180) (size 0.65 1.75) (layers F.Cu F.Paste F.Mask)
      (net 61 "Net-(K1-Pad1)"))
    (pad 8 smd rect (at -1.905 -2.8 180) (size 0.65 1.75) (layers F.Cu F.Paste F.Mask)
      (net 38 +5V))
    (model ${KISYS3DMOD}/Package_SO.3dshapes/SSOP-8_3.9x5.05mm_P1.27mm.step
      (at (xyz 0 0 0))
      (scale (xyz 1 1 1))
      (rotate (xyz 0 0 -90))
    )
  )

  (module TerminalBlock_Phoenix:TerminalBlock_Phoenix_MKDS-1,5-3_1x03_P5.00mm_Horizontal (layer F.Cu) (tedit 5B294EE5) (tstamp 60C5736A)
    (at 143.935001 126.885001)
    (descr "Terminal Block Phoenix MKDS-1,5-3, 3 pins, pitch 5mm, size 15x9.8mm^2, drill diamater 1.3mm, pad diameter 2.6mm, see http://www.farnell.com/datasheets/100425.pdf, script-generated using https://github.com/pointhi/kicad-footprint-generator/scripts/TerminalBlock_Phoenix")
    (tags "THT Terminal Block Phoenix MKDS-1,5-3 pitch 5mm size 15x9.8mm^2 drill 1.3mm pad 2.6mm")
    (path /60CBD7BB/60C4BBD2)
    (fp_text reference J4 (at 5 -6.26) (layer F.SilkS)
      (effects (font (size 1 1) (thickness 0.15)))
    )
    (fp_text value LOAD (at 5 5.66) (layer F.Fab)
      (effects (font (size 1 1) (thickness 0.15)))
    )
    (fp_line (start 13 -5.71) (end -3 -5.71) (layer F.CrtYd) (width 0.05))
    (fp_line (start 13 5.1) (end 13 -5.71) (layer F.CrtYd) (width 0.05))
    (fp_line (start -3 5.1) (end 13 5.1) (layer F.CrtYd) (width 0.05))
    (fp_line (start -3 -5.71) (end -3 5.1) (layer F.CrtYd) (width 0.05))
    (fp_line (start -2.8 4.9) (end -2.3 4.9) (layer F.SilkS) (width 0.12))
    (fp_line (start -2.8 4.16) (end -2.8 4.9) (layer F.SilkS) (width 0.12))
    (fp_line (start 8.773 1.023) (end 8.726 1.069) (layer F.SilkS) (width 0.12))
    (fp_line (start 11.07 -1.275) (end 11.035 -1.239) (layer F.SilkS) (width 0.12))
    (fp_line (start 8.966 1.239) (end 8.931 1.274) (layer F.SilkS) (width 0.12))
    (fp_line (start 11.275 -1.069) (end 11.228 -1.023) (layer F.SilkS) (width 0.12))
    (fp_line (start 10.955 -1.138) (end 8.863 0.955) (layer F.Fab) (width 0.1))
    (fp_line (start 11.138 -0.955) (end 9.046 1.138) (layer F.Fab) (width 0.1))
    (fp_line (start 3.773 1.023) (end 3.726 1.069) (layer F.SilkS) (width 0.12))
    (fp_line (start 6.07 -1.275) (end 6.035 -1.239) (layer F.SilkS) (width 0.12))
    (fp_line (start 3.966 1.239) (end 3.931 1.274) (layer F.SilkS) (width 0.12))
    (fp_line (start 6.275 -1.069) (end 6.228 -1.023) (layer F.SilkS) (width 0.12))
    (fp_line (start 5.955 -1.138) (end 3.863 0.955) (layer F.Fab) (width 0.1))
    (fp_line (start 6.138 -0.955) (end 4.046 1.138) (layer F.Fab) (width 0.1))
    (fp_line (start 0.955 -1.138) (end -1.138 0.955) (layer F.Fab) (width 0.1))
    (fp_line (start 1.138 -0.955) (end -0.955 1.138) (layer F.Fab) (width 0.1))
    (fp_line (start 12.56 -5.261) (end 12.56 4.66) (layer F.SilkS) (width 0.12))
    (fp_line (start -2.56 -5.261) (end -2.56 4.66) (layer F.SilkS) (width 0.12))
    (fp_line (start -2.56 4.66) (end 12.56 4.66) (layer F.SilkS) (width 0.12))
    (fp_line (start -2.56 -5.261) (end 12.56 -5.261) (layer F.SilkS) (width 0.12))
    (fp_line (start -2.56 -2.301) (end 12.56 -2.301) (layer F.SilkS) (width 0.12))
    (fp_line (start -2.5 -2.3) (end 12.5 -2.3) (layer F.Fab) (width 0.1))
    (fp_line (start -2.56 2.6) (end 12.56 2.6) (layer F.SilkS) (width 0.12))
    (fp_line (start -2.5 2.6) (end 12.5 2.6) (layer F.Fab) (width 0.1))
    (fp_line (start -2.56 4.1) (end 12.56 4.1) (layer F.SilkS) (width 0.12))
    (fp_line (start -2.5 4.1) (end 12.5 4.1) (layer F.Fab) (width 0.1))
    (fp_line (start -2.5 4.1) (end -2.5 -5.2) (layer F.Fab) (width 0.1))
    (fp_line (start -2 4.6) (end -2.5 4.1) (layer F.Fab) (width 0.1))
    (fp_line (start 12.5 4.6) (end -2 4.6) (layer F.Fab) (width 0.1))
    (fp_line (start 12.5 -5.2) (end 12.5 4.6) (layer F.Fab) (width 0.1))
    (fp_line (start -2.5 -5.2) (end 12.5 -5.2) (layer F.Fab) (width 0.1))
    (fp_circle (center 10 0) (end 11.68 0) (layer F.SilkS) (width 0.12))
    (fp_circle (center 10 0) (end 11.5 0) (layer F.Fab) (width 0.1))
    (fp_circle (center 5 0) (end 6.68 0) (layer F.SilkS) (width 0.12))
    (fp_circle (center 5 0) (end 6.5 0) (layer F.Fab) (width 0.1))
    (fp_circle (center 0 0) (end 1.5 0) (layer F.Fab) (width 0.1))
    (fp_text user %R (at 5 3.2) (layer F.Fab)
      (effects (font (size 1 1) (thickness 0.15)))
    )
    (fp_arc (start 0 0) (end -0.684 1.535) (angle -25) (layer F.SilkS) (width 0.12))
    (fp_arc (start 0 0) (end -1.535 -0.684) (angle -48) (layer F.SilkS) (width 0.12))
    (fp_arc (start 0 0) (end 0.684 -1.535) (angle -48) (layer F.SilkS) (width 0.12))
    (fp_arc (start 0 0) (end 1.535 0.684) (angle -48) (layer F.SilkS) (width 0.12))
    (fp_arc (start 0 0) (end 0 1.68) (angle -24) (layer F.SilkS) (width 0.12))
    (pad 3 thru_hole circle (at 10 0) (size 2.6 2.6) (drill 1.3) (layers *.Cu *.Mask)
      (net 21 "Net-(J4-Pad3)"))
    (pad 2 thru_hole circle (at 5 0) (size 2.6 2.6) (drill 1.3) (layers *.Cu *.Mask)
      (net 20 "Net-(J4-Pad2)"))
    (pad 1 thru_hole rect (at 0 0) (size 2.6 2.6) (drill 1.3) (layers *.Cu *.Mask)
      (net 19 "Net-(J4-Pad1)"))
    (model ${KISYS3DMOD}/TerminalBlock_Phoenix.3dshapes/TerminalBlock_Phoenix_MKDS-1,5-3_1x03_P5.00mm_Horizontal.wrl
      (at (xyz 0 0 0))
      (scale (xyz 1 1 1))
      (rotate (xyz 0 0 0))
    )
  )

  (module TerminalBlock_Phoenix:TerminalBlock_Phoenix_MKDS-1,5-3_1x03_P5.00mm_Horizontal (layer F.Cu) (tedit 5B294EE5) (tstamp 60C89199)
    (at 249.4 98.2)
    (descr "Terminal Block Phoenix MKDS-1,5-3, 3 pins, pitch 5mm, size 15x9.8mm^2, drill diamater 1.3mm, pad diameter 2.6mm, see http://www.farnell.com/datasheets/100425.pdf, script-generated using https://github.com/pointhi/kicad-footprint-generator/scripts/TerminalBlock_Phoenix")
    (tags "THT Terminal Block Phoenix MKDS-1,5-3 pitch 5mm size 15x9.8mm^2 drill 1.3mm pad 2.6mm")
    (path /60CBD77D/60C4BBD2)
    (fp_text reference J3 (at 5 -6.26) (layer F.SilkS)
      (effects (font (size 1 1) (thickness 0.15)))
    )
    (fp_text value LOAD (at 5 5.66) (layer F.Fab)
      (effects (font (size 1 1) (thickness 0.15)))
    )
    (fp_line (start 13 -5.71) (end -3 -5.71) (layer F.CrtYd) (width 0.05))
    (fp_line (start 13 5.1) (end 13 -5.71) (layer F.CrtYd) (width 0.05))
    (fp_line (start -3 5.1) (end 13 5.1) (layer F.CrtYd) (width 0.05))
    (fp_line (start -3 -5.71) (end -3 5.1) (layer F.CrtYd) (width 0.05))
    (fp_line (start -2.8 4.9) (end -2.3 4.9) (layer F.SilkS) (width 0.12))
    (fp_line (start -2.8 4.16) (end -2.8 4.9) (layer F.SilkS) (width 0.12))
    (fp_line (start 8.773 1.023) (end 8.726 1.069) (layer F.SilkS) (width 0.12))
    (fp_line (start 11.07 -1.275) (end 11.035 -1.239) (layer F.SilkS) (width 0.12))
    (fp_line (start 8.966 1.239) (end 8.931 1.274) (layer F.SilkS) (width 0.12))
    (fp_line (start 11.275 -1.069) (end 11.228 -1.023) (layer F.SilkS) (width 0.12))
    (fp_line (start 10.955 -1.138) (end 8.863 0.955) (layer F.Fab) (width 0.1))
    (fp_line (start 11.138 -0.955) (end 9.046 1.138) (layer F.Fab) (width 0.1))
    (fp_line (start 3.773 1.023) (end 3.726 1.069) (layer F.SilkS) (width 0.12))
    (fp_line (start 6.07 -1.275) (end 6.035 -1.239) (layer F.SilkS) (width 0.12))
    (fp_line (start 3.966 1.239) (end 3.931 1.274) (layer F.SilkS) (width 0.12))
    (fp_line (start 6.275 -1.069) (end 6.228 -1.023) (layer F.SilkS) (width 0.12))
    (fp_line (start 5.955 -1.138) (end 3.863 0.955) (layer F.Fab) (width 0.1))
    (fp_line (start 6.138 -0.955) (end 4.046 1.138) (layer F.Fab) (width 0.1))
    (fp_line (start 0.955 -1.138) (end -1.138 0.955) (layer F.Fab) (width 0.1))
    (fp_line (start 1.138 -0.955) (end -0.955 1.138) (layer F.Fab) (width 0.1))
    (fp_line (start 12.56 -5.261) (end 12.56 4.66) (layer F.SilkS) (width 0.12))
    (fp_line (start -2.56 -5.261) (end -2.56 4.66) (layer F.SilkS) (width 0.12))
    (fp_line (start -2.56 4.66) (end 12.56 4.66) (layer F.SilkS) (width 0.12))
    (fp_line (start -2.56 -5.261) (end 12.56 -5.261) (layer F.SilkS) (width 0.12))
    (fp_line (start -2.56 -2.301) (end 12.56 -2.301) (layer F.SilkS) (width 0.12))
    (fp_line (start -2.5 -2.3) (end 12.5 -2.3) (layer F.Fab) (width 0.1))
    (fp_line (start -2.56 2.6) (end 12.56 2.6) (layer F.SilkS) (width 0.12))
    (fp_line (start -2.5 2.6) (end 12.5 2.6) (layer F.Fab) (width 0.1))
    (fp_line (start -2.56 4.1) (end 12.56 4.1) (layer F.SilkS) (width 0.12))
    (fp_line (start -2.5 4.1) (end 12.5 4.1) (layer F.Fab) (width 0.1))
    (fp_line (start -2.5 4.1) (end -2.5 -5.2) (layer F.Fab) (width 0.1))
    (fp_line (start -2 4.6) (end -2.5 4.1) (layer F.Fab) (width 0.1))
    (fp_line (start 12.5 4.6) (end -2 4.6) (layer F.Fab) (width 0.1))
    (fp_line (start 12.5 -5.2) (end 12.5 4.6) (layer F.Fab) (width 0.1))
    (fp_line (start -2.5 -5.2) (end 12.5 -5.2) (layer F.Fab) (width 0.1))
    (fp_circle (center 10 0) (end 11.68 0) (layer F.SilkS) (width 0.12))
    (fp_circle (center 10 0) (end 11.5 0) (layer F.Fab) (width 0.1))
    (fp_circle (center 5 0) (end 6.68 0) (layer F.SilkS) (width 0.12))
    (fp_circle (center 5 0) (end 6.5 0) (layer F.Fab) (width 0.1))
    (fp_circle (center 0 0) (end 1.5 0) (layer F.Fab) (width 0.1))
    (fp_text user %R (at 5 3.2) (layer F.Fab)
      (effects (font (size 1 1) (thickness 0.15)))
    )
    (fp_arc (start 0 0) (end -0.684 1.535) (angle -25) (layer F.SilkS) (width 0.12))
    (fp_arc (start 0 0) (end -1.535 -0.684) (angle -48) (layer F.SilkS) (width 0.12))
    (fp_arc (start 0 0) (end 0.684 -1.535) (angle -48) (layer F.SilkS) (width 0.12))
    (fp_arc (start 0 0) (end 1.535 0.684) (angle -48) (layer F.SilkS) (width 0.12))
    (fp_arc (start 0 0) (end 0 1.68) (angle -24) (layer F.SilkS) (width 0.12))
    (pad 3 thru_hole circle (at 10 0) (size 2.6 2.6) (drill 1.3) (layers *.Cu *.Mask)
      (net 18 "Net-(J3-Pad3)"))
    (pad 2 thru_hole circle (at 5 0) (size 2.6 2.6) (drill 1.3) (layers *.Cu *.Mask)
      (net 17 "Net-(J3-Pad2)"))
    (pad 1 thru_hole rect (at 0 0) (size 2.6 2.6) (drill 1.3) (layers *.Cu *.Mask)
      (net 16 "Net-(J3-Pad1)"))
    (model ${KISYS3DMOD}/TerminalBlock_Phoenix.3dshapes/TerminalBlock_Phoenix_MKDS-1,5-3_1x03_P5.00mm_Horizontal.wrl
      (at (xyz 0 0 0))
      (scale (xyz 1 1 1))
      (rotate (xyz 0 0 0))
    )
  )

  (module TerminalBlock_Phoenix:TerminalBlock_Phoenix_MKDS-1,5-3_1x03_P5.00mm_Horizontal (layer F.Cu) (tedit 5B294EE5) (tstamp 60C57264)
    (at 43.95 134 270)
    (descr "Terminal Block Phoenix MKDS-1,5-3, 3 pins, pitch 5mm, size 15x9.8mm^2, drill diamater 1.3mm, pad diameter 2.6mm, see http://www.farnell.com/datasheets/100425.pdf, script-generated using https://github.com/pointhi/kicad-footprint-generator/scripts/TerminalBlock_Phoenix")
    (tags "THT Terminal Block Phoenix MKDS-1,5-3 pitch 5mm size 15x9.8mm^2 drill 1.3mm pad 2.6mm")
    (path /60CBD6BF/60C4BBD2)
    (fp_text reference J2 (at 12.5 -7.2 180) (layer F.SilkS)
      (effects (font (size 1 1) (thickness 0.15)))
    )
    (fp_text value LOAD (at 5 5.66 90) (layer F.Fab)
      (effects (font (size 1 1) (thickness 0.15)))
    )
    (fp_arc (start 0 0) (end 0 1.68) (angle -24) (layer F.SilkS) (width 0.12))
    (fp_arc (start 0 0) (end 1.535 0.684) (angle -48) (layer F.SilkS) (width 0.12))
    (fp_arc (start 0 0) (end 0.684 -1.535) (angle -48) (layer F.SilkS) (width 0.12))
    (fp_arc (start 0 0) (end -1.535 -0.684) (angle -48) (layer F.SilkS) (width 0.12))
    (fp_arc (start 0 0) (end -0.684 1.535) (angle -25) (layer F.SilkS) (width 0.12))
    (fp_text user %R (at 5 3.2 90) (layer F.Fab)
      (effects (font (size 1 1) (thickness 0.15)))
    )
    (fp_circle (center 0 0) (end 1.5 0) (layer F.Fab) (width 0.1))
    (fp_circle (center 5 0) (end 6.5 0) (layer F.Fab) (width 0.1))
    (fp_circle (center 5 0) (end 6.68 0) (layer F.SilkS) (width 0.12))
    (fp_circle (center 10 0) (end 11.5 0) (layer F.Fab) (width 0.1))
    (fp_circle (center 10 0) (end 11.68 0) (layer F.SilkS) (width 0.12))
    (fp_line (start -2.5 -5.2) (end 12.5 -5.2) (layer F.Fab) (width 0.1))
    (fp_line (start 12.5 -5.2) (end 12.5 4.6) (layer F.Fab) (width 0.1))
    (fp_line (start 12.5 4.6) (end -2 4.6) (layer F.Fab) (width 0.1))
    (fp_line (start -2 4.6) (end -2.5 4.1) (layer F.Fab) (width 0.1))
    (fp_line (start -2.5 4.1) (end -2.5 -5.2) (layer F.Fab) (width 0.1))
    (fp_line (start -2.5 4.1) (end 12.5 4.1) (layer F.Fab) (width 0.1))
    (fp_line (start -2.56 4.1) (end 12.56 4.1) (layer F.SilkS) (width 0.12))
    (fp_line (start -2.5 2.6) (end 12.5 2.6) (layer F.Fab) (width 0.1))
    (fp_line (start -2.56 2.6) (end 12.56 2.6) (layer F.SilkS) (width 0.12))
    (fp_line (start -2.5 -2.3) (end 12.5 -2.3) (layer F.Fab) (width 0.1))
    (fp_line (start -2.56 -2.301) (end 12.56 -2.301) (layer F.SilkS) (width 0.12))
    (fp_line (start -2.56 -5.261) (end 12.56 -5.261) (layer F.SilkS) (width 0.12))
    (fp_line (start -2.56 4.66) (end 12.56 4.66) (layer F.SilkS) (width 0.12))
    (fp_line (start -2.56 -5.261) (end -2.56 4.66) (layer F.SilkS) (width 0.12))
    (fp_line (start 12.56 -5.261) (end 12.56 4.66) (layer F.SilkS) (width 0.12))
    (fp_line (start 1.138 -0.955) (end -0.955 1.138) (layer F.Fab) (width 0.1))
    (fp_line (start 0.955 -1.138) (end -1.138 0.955) (layer F.Fab) (width 0.1))
    (fp_line (start 6.138 -0.955) (end 4.046 1.138) (layer F.Fab) (width 0.1))
    (fp_line (start 5.955 -1.138) (end 3.863 0.955) (layer F.Fab) (width 0.1))
    (fp_line (start 6.275 -1.069) (end 6.228 -1.023) (layer F.SilkS) (width 0.12))
    (fp_line (start 3.966 1.239) (end 3.931 1.274) (layer F.SilkS) (width 0.12))
    (fp_line (start 6.07 -1.275) (end 6.035 -1.239) (layer F.SilkS) (width 0.12))
    (fp_line (start 3.773 1.023) (end 3.726 1.069) (layer F.SilkS) (width 0.12))
    (fp_line (start 11.138 -0.955) (end 9.046 1.138) (layer F.Fab) (width 0.1))
    (fp_line (start 10.955 -1.138) (end 8.863 0.955) (layer F.Fab) (width 0.1))
    (fp_line (start 11.275 -1.069) (end 11.228 -1.023) (layer F.SilkS) (width 0.12))
    (fp_line (start 8.966 1.239) (end 8.931 1.274) (layer F.SilkS) (width 0.12))
    (fp_line (start 11.07 -1.275) (end 11.035 -1.239) (layer F.SilkS) (width 0.12))
    (fp_line (start 8.773 1.023) (end 8.726 1.069) (layer F.SilkS) (width 0.12))
    (fp_line (start -2.8 4.16) (end -2.8 4.9) (layer F.SilkS) (width 0.12))
    (fp_line (start -2.8 4.9) (end -2.3 4.9) (layer F.SilkS) (width 0.12))
    (fp_line (start -3 -5.71) (end -3 5.1) (layer F.CrtYd) (width 0.05))
    (fp_line (start -3 5.1) (end 13 5.1) (layer F.CrtYd) (width 0.05))
    (fp_line (start 13 5.1) (end 13 -5.71) (layer F.CrtYd) (width 0.05))
    (fp_line (start 13 -5.71) (end -3 -5.71) (layer F.CrtYd) (width 0.05))
    (pad 1 thru_hole rect (at 0 0 270) (size 2.6 2.6) (drill 1.3) (layers *.Cu *.Mask)
      (net 15 "Net-(J2-Pad1)"))
    (pad 2 thru_hole circle (at 5 0 270) (size 2.6 2.6) (drill 1.3) (layers *.Cu *.Mask)
      (net 14 "Net-(J2-Pad2)"))
    (pad 3 thru_hole circle (at 10 0 270) (size 2.6 2.6) (drill 1.3) (layers *.Cu *.Mask)
      (net 13 "Net-(J2-Pad3)"))
    (model ${KISYS3DMOD}/TerminalBlock_Phoenix.3dshapes/TerminalBlock_Phoenix_MKDS-1,5-3_1x03_P5.00mm_Horizontal.wrl
      (at (xyz 0 0 0))
      (scale (xyz 1 1 1))
      (rotate (xyz 0 0 0))
    )
  )

  (module TerminalBlock_Phoenix:TerminalBlock_Phoenix_MKDS-1,5-3_1x03_P5.00mm_Horizontal (layer F.Cu) (tedit 5B294EE5) (tstamp 60C8F31B)
    (at 22 79 270)
    (descr "Terminal Block Phoenix MKDS-1,5-3, 3 pins, pitch 5mm, size 15x9.8mm^2, drill diamater 1.3mm, pad diameter 2.6mm, see http://www.farnell.com/datasheets/100425.pdf, script-generated using https://github.com/pointhi/kicad-footprint-generator/scripts/TerminalBlock_Phoenix")
    (tags "THT Terminal Block Phoenix MKDS-1,5-3 pitch 5mm size 15x9.8mm^2 drill 1.3mm pad 2.6mm")
    (path /60C36AE5/60C4BBD2)
    (fp_text reference J1 (at -4 0 180) (layer F.SilkS)
      (effects (font (size 1 1) (thickness 0.15)))
    )
    (fp_text value LOAD (at 5 5.66 90) (layer F.Fab)
      (effects (font (size 1 1) (thickness 0.15)))
    )
    (fp_line (start 13 -5.71) (end -3 -5.71) (layer F.CrtYd) (width 0.05))
    (fp_line (start 13 5.1) (end 13 -5.71) (layer F.CrtYd) (width 0.05))
    (fp_line (start -3 5.1) (end 13 5.1) (layer F.CrtYd) (width 0.05))
    (fp_line (start -3 -5.71) (end -3 5.1) (layer F.CrtYd) (width 0.05))
    (fp_line (start -2.8 4.9) (end -2.3 4.9) (layer F.SilkS) (width 0.12))
    (fp_line (start -2.8 4.16) (end -2.8 4.9) (layer F.SilkS) (width 0.12))
    (fp_line (start 8.773 1.023) (end 8.726 1.069) (layer F.SilkS) (width 0.12))
    (fp_line (start 11.07 -1.275) (end 11.035 -1.239) (layer F.SilkS) (width 0.12))
    (fp_line (start 8.966 1.239) (end 8.931 1.274) (layer F.SilkS) (width 0.12))
    (fp_line (start 11.275 -1.069) (end 11.228 -1.023) (layer F.SilkS) (width 0.12))
    (fp_line (start 10.955 -1.138) (end 8.863 0.955) (layer F.Fab) (width 0.1))
    (fp_line (start 11.138 -0.955) (end 9.046 1.138) (layer F.Fab) (width 0.1))
    (fp_line (start 3.773 1.023) (end 3.726 1.069) (layer F.SilkS) (width 0.12))
    (fp_line (start 6.07 -1.275) (end 6.035 -1.239) (layer F.SilkS) (width 0.12))
    (fp_line (start 3.966 1.239) (end 3.931 1.274) (layer F.SilkS) (width 0.12))
    (fp_line (start 6.275 -1.069) (end 6.228 -1.023) (layer F.SilkS) (width 0.12))
    (fp_line (start 5.955 -1.138) (end 3.863 0.955) (layer F.Fab) (width 0.1))
    (fp_line (start 6.138 -0.955) (end 4.046 1.138) (layer F.Fab) (width 0.1))
    (fp_line (start 0.955 -1.138) (end -1.138 0.955) (layer F.Fab) (width 0.1))
    (fp_line (start 1.138 -0.955) (end -0.955 1.138) (layer F.Fab) (width 0.1))
    (fp_line (start 12.56 -5.261) (end 12.56 4.66) (layer F.SilkS) (width 0.12))
    (fp_line (start -2.56 -5.261) (end -2.56 4.66) (layer F.SilkS) (width 0.12))
    (fp_line (start -2.56 4.66) (end 12.56 4.66) (layer F.SilkS) (width 0.12))
    (fp_line (start -2.56 -5.261) (end 12.56 -5.261) (layer F.SilkS) (width 0.12))
    (fp_line (start -2.56 -2.301) (end 12.56 -2.301) (layer F.SilkS) (width 0.12))
    (fp_line (start -2.5 -2.3) (end 12.5 -2.3) (layer F.Fab) (width 0.1))
    (fp_line (start -2.56 2.6) (end 12.56 2.6) (layer F.SilkS) (width 0.12))
    (fp_line (start -2.5 2.6) (end 12.5 2.6) (layer F.Fab) (width 0.1))
    (fp_line (start -2.56 4.1) (end 12.56 4.1) (layer F.SilkS) (width 0.12))
    (fp_line (start -2.5 4.1) (end 12.5 4.1) (layer F.Fab) (width 0.1))
    (fp_line (start -2.5 4.1) (end -2.5 -5.2) (layer F.Fab) (width 0.1))
    (fp_line (start -2 4.6) (end -2.5 4.1) (layer F.Fab) (width 0.1))
    (fp_line (start 12.5 4.6) (end -2 4.6) (layer F.Fab) (width 0.1))
    (fp_line (start 12.5 -5.2) (end 12.5 4.6) (layer F.Fab) (width 0.1))
    (fp_line (start -2.5 -5.2) (end 12.5 -5.2) (layer F.Fab) (width 0.1))
    (fp_circle (center 10 0) (end 11.68 0) (layer F.SilkS) (width 0.12))
    (fp_circle (center 10 0) (end 11.5 0) (layer F.Fab) (width 0.1))
    (fp_circle (center 5 0) (end 6.68 0) (layer F.SilkS) (width 0.12))
    (fp_circle (center 5 0) (end 6.5 0) (layer F.Fab) (width 0.1))
    (fp_circle (center 0 0) (end 1.5 0) (layer F.Fab) (width 0.1))
    (fp_text user %R (at 5 3.2 90) (layer F.Fab)
      (effects (font (size 1 1) (thickness 0.15)))
    )
    (fp_arc (start 0 0) (end -0.684 1.535) (angle -25) (layer F.SilkS) (width 0.12))
    (fp_arc (start 0 0) (end -1.535 -0.684) (angle -48) (layer F.SilkS) (width 0.12))
    (fp_arc (start 0 0) (end 0.684 -1.535) (angle -48) (layer F.SilkS) (width 0.12))
    (fp_arc (start 0 0) (end 1.535 0.684) (angle -48) (layer F.SilkS) (width 0.12))
    (fp_arc (start 0 0) (end 0 1.68) (angle -24) (layer F.SilkS) (width 0.12))
    (pad 3 thru_hole circle (at 10 0 270) (size 2.6 2.6) (drill 1.3) (layers *.Cu *.Mask)
      (net 10 "Net-(J1-Pad3)"))
    (pad 2 thru_hole circle (at 5 0 270) (size 2.6 2.6) (drill 1.3) (layers *.Cu *.Mask)
      (net 11 "Net-(J1-Pad2)"))
    (pad 1 thru_hole rect (at 0 0 270) (size 2.6 2.6) (drill 1.3) (layers *.Cu *.Mask)
      (net 12 "Net-(J1-Pad1)"))
    (model ${KISYS3DMOD}/TerminalBlock_Phoenix.3dshapes/TerminalBlock_Phoenix_MKDS-1,5-3_1x03_P5.00mm_Horizontal.wrl
      (at (xyz 0 0 0))
      (scale (xyz 1 1 1))
      (rotate (xyz 0 0 0))
    )
  )

  (module Fiducial:Fiducial_1mm_Mask2mm (layer F.Cu) (tedit 5C18CB26) (tstamp 60C8AA49)
    (at 191.6 109.8)
    (descr "Circular Fiducial, 1mm bare copper, 2mm soldermask opening (Level A)")
    (tags fiducial)
    (path /60E11CA0)
    (attr smd)
    (fp_text reference FID3 (at 0 -2) (layer F.SilkS) hide
      (effects (font (size 1 1) (thickness 0.15)))
    )
    (fp_text value Fiducial (at 0 2) (layer F.Fab)
      (effects (font (size 1 1) (thickness 0.15)))
    )
    (fp_circle (center 0 0) (end 1 0) (layer F.Fab) (width 0.1))
    (fp_circle (center 0 0) (end 1.25 0) (layer F.CrtYd) (width 0.05))
    (fp_text user %R (at 0 0) (layer F.Fab)
      (effects (font (size 0.4 0.4) (thickness 0.06)))
    )
    (pad "" smd circle (at 0 0) (size 1 1) (layers F.Cu F.Mask)
      (solder_mask_margin 0.5) (clearance 0.5))
  )

  (module Fiducial:Fiducial_1mm_Mask2mm (layer F.Cu) (tedit 5C18CB26) (tstamp 60C88AA0)
    (at 186.95 109.8)
    (descr "Circular Fiducial, 1mm bare copper, 2mm soldermask opening (Level A)")
    (tags fiducial)
    (path /60E0A4F4)
    (attr smd)
    (fp_text reference FID2 (at 0 -2) (layer F.SilkS) hide
      (effects (font (size 1 1) (thickness 0.15)))
    )
    (fp_text value Fiducial (at 0 2) (layer F.Fab)
      (effects (font (size 1 1) (thickness 0.15)))
    )
    (fp_circle (center 0 0) (end 1 0) (layer F.Fab) (width 0.1))
    (fp_circle (center 0 0) (end 1.25 0) (layer F.CrtYd) (width 0.05))
    (fp_text user %R (at 0 0) (layer F.Fab)
      (effects (font (size 0.4 0.4) (thickness 0.06)))
    )
    (pad "" smd circle (at 0 0) (size 1 1) (layers F.Cu F.Mask)
      (solder_mask_margin 0.5) (clearance 0.5))
  )

  (module Fiducial:Fiducial_1mm_Mask2mm (layer F.Cu) (tedit 5C18CB26) (tstamp 60C88A98)
    (at 182.4 109.8)
